BLOCK QNUMBERS 35
 1 0 
 3 1 
 2 1 
 4 0 
BLOCK QNUMBERS 37
 1 3 
 3 1 
 2 1 
 4 1 
BLOCK USQMIX
 4 4 1.000000E+00 
 1 1 1.000000E+00 
 2 2 1.000000E+00 
 6 3 8.327528E-01 
 5 5 1.000000E+00 
 3 3 5.536450E-01 
 6 6 -5.536450E-01 
 3 6 8.327528E-01 
BLOCK MSL2
 3 3 3.782868E+04 
 1 1 3.815567E+04 
 2 2 3.815567E+04 
BLOCK DSQMIX
 4 4 1.000000E+00 
 1 1 1.000000E+00 
 2 2 1.000000E+00 
 6 3 -3.446319E-01 
 5 5 1.000000E+00 
 3 3 9.387379E-01 
 6 6 9.387379E-01 
 3 6 3.446319E-01 
BLOCK SELMIX
 4 4 1.000000E+00 
 1 1 1.000000E+00 
 2 2 1.000000E+00 
 6 3 9.592711E-01 
 5 5 1.000000E+00 
 3 3 2.824872E-01 
 6 6 -2.824872E-01 
 3 6 9.592711E-01 
BLOCK YE
 3 3 1.008908E-01 
BLOCK YD
 3 3 1.388402E-01 
BLOCK VCKM
 3 3 1.000000E+00 
 1 1 1.000000E+00 
 2 2 1.000000E+00 
BLOCK QNUMBERS 36
 1 0 
 3 1 
 2 1 
 4 0 
BLOCK SNUMIX
 3 3 1.000000E+00 
 1 1 1.000000E+00 
 2 2 1.000000E+00 
BLOCK YU
 3 3 8.928445E-01 
BLOCK QNUMBERS 2000011
 1 -3 
 3 1 
 2 1 
 4 1 
BLOCK QNUMBERS 2000013
 1 -3 
 3 1 
 2 1 
 4 1 
BLOCK QNUMBERS 2000015
 1 -3 
 3 1 
 2 1 
 4 1 
BLOCK NMIX
 4 4 -6.843778E-01 
 4 3 6.492260E-01 
 4 2 3.107390E-01 
 4 1 -1.165071E-01 
 1 2 -5.311036E-02 
 1 3 1.464340E-01 
 1 1 9.863644E-01 
 1 4 -5.311861E-02 
 2 1 9.935054E-02 
 2 3 -2.698467E-01 
 2 2 9.449493E-01 
 2 4 1.561507E-01 
 3 1 -6.033880E-02 
 3 2 8.770049E-02 
 3 3 6.958775E-01 
 3 4 7.102270E-01 
BLOCK TU
 3 3 -4.447525E+02 
BLOCK MSOFT
 1 1.013965E+02 
 3 5.882630E+02 
 2 1.915042E+02 
 21 3.233749E+04 
 22 -1.288001E+05 
BLOCK QNUMBERS 1000023
 1 0 
 3 1 
 2 2 
 4 0 
BLOCK MASS
 2000003 5.452285E+02
 1000011 2.029157E+02 
 15 1.777000E+00 
 1000025 -3.637560E+02 
 24 7.982901E+01 
 2000013 290-300.dat
 2000011 290-300.dat
 1000021 6.077137E+02 
 22 0.000000 
 23 9.118760E+01 
 1000006 3.996685E+02 
 1000035 3.817294E+02 
 1000004 5.611190E+02
 1000005 5.130652E+02 
 1000002 5.611190E+02 
 1000003 5.684411E+02
 1000001 5.684411E+02 
 1 0.000000 
 3 0.000000 
 2 0.000000 
 5 4.889917E+00 
 4 0.000000 
 6 1.750000E+02 
 2000005 5.437267E+02 
 25 1.108991E+02 
 1000016 1.847085E+02 
 13 0.000000 
 1000023 1.810882E+02 
 1000012 1.852583E+02 
 1000015 1.344909E+02 
 21 0.000000 
 1000037 3.799393E+02 
 2000004 5.492593E+02
 1000013 2.029157E+02
 2000006 5.857858E+02 
 2000001 5.452285E+02 
 1000022 300
 14 0.000000 
 2000002 5.492593E+02 
 2000015 2.068678E+02 
 37 4.078790E+02 
 36 3.995839E+02 
 35 3.999601E+02 
 16 0.000000 
 11 0.000000 
 12 0.000000 
 1000014 1.852583E+02
 1000024 1.816965E+02 
BLOCK QNUMBERS 1000001
 1 -1 
 3 3 
 2 1 
 4 1 
BLOCK QNUMBERS 1000002
 1 2 
 3 3 
 2 1 
 4 1 
BLOCK TE
 3 3 -2.540197E+01 
BLOCK QNUMBERS 1000022
 1 0 
 3 1 
 2 2 
 4 0 
BLOCK QNUMBERS 1000005
 1 -1 
 3 3 
 2 1 
 4 1 
BLOCK QNUMBERS 1000006
 1 2 
 3 3 
 2 1 
 4 1 
BLOCK QNUMBERS 1000021
 1 0 
 3 8 
 2 2 
 4 0 
BLOCK UMIX
 1 2 -3.992666E-01 
 2 1 3.992666E-01 
 1 1 9.168349E-01 
 2 2 9.168349E-01 
BLOCK QNUMBERS 1000035
 1 0 
 3 1 
 2 2 
 4 0 
BLOCK QNUMBERS 1000004
 1 2 
 3 3 
 2 1 
 4 1 
BLOCK QNUMBERS 1000037
 1 3 
 3 1 
 2 2 
 4 1 
BLOCK QNUMBERS 1000024
 1 3 
 3 1 
 2 2 
 4 1 
BLOCK MSQ2
 3 3 2.487654E+05 
 1 1 2.998367E+05 
 2 2 2.998367E+05 
BLOCK HMIX
 1 3.576810E+02 
 2 9.748624E+00 
 4 1.664391E+05 
BLOCK SMINPUTS
 1 1.279340E+02 
 3 1.180000E-01 
BLOCK TD
 3 3 -1.106937E+02 
BLOCK QNUMBERS 2000003
 1 -1 
 3 3 
 2 1 
 4 1 
BLOCK QNUMBERS 2000002
 1 2 
 3 3 
 2 1 
 4 1 
BLOCK QNUMBERS 2000001
 1 -1 
 3 3 
 2 1 
 4 1 
BLOCK QNUMBERS 1000003
 1 -1 
 3 3 
 2 1 
 4 1 
BLOCK QNUMBERS 2000006
 1 2 
 3 3 
 2 1 
 4 1 
BLOCK QNUMBERS 2000005
 1 -1 
 3 3 
 2 1 
 4 1 
BLOCK QNUMBERS 2000004
 1 2 
 3 3 
 2 1 
 4 1 
BLOCK QNUMBERS 1000025
 1 0 
 3 1 
 2 2 
 4 0 
BLOCK MSU2
 3 3 1.791371E+05 
 1 1 2.803821E+05 
 2 2 2.803821E+05 
BLOCK MSE2
 3 3 1.796764E+04 
 1 1 1.863063E+04 
 2 2 1.863063E+04 
BLOCK VMIX
 1 2 -2.326612E-01 
 2 1 2.326612E-01 
 1 1 9.725578E-01 
 2 2 9.725578E-01 
BLOCK MSD2
 3 3 2.702620E+05 
 1 1 2.736847E+05 
 2 2 2.736847E+05 
BLOCK QNUMBERS 1000013
 1 -3 
 3 1 
 2 1 
 4 1 
BLOCK QNUMBERS 1000012
 1 0 
 3 1 
 2 1 
 4 1 
BLOCK QNUMBERS 1000011
 1 -3 
 3 1 
 2 1 
 4 1 
BLOCK FRALPHA
 1 -1.138252E-01 
BLOCK UPMNS
 3 3 1.000000E+00 
 1 1 1.000000E+00 
 2 2 1.000000E+00 
BLOCK QNUMBERS 1000016
 1 0 
 3 1 
 2 1 
 4 1 
BLOCK QNUMBERS 1000015
 1 -3 
 3 1 
 2 1 
 4 1 
BLOCK QNUMBERS 1000014
 1 0 
 3 1 
 2 1 
 4 1 
DECAY 1000015 1.483273E-01
DECAY 1000011 2.136822E-01
DECAY 1000025 1.915985E+00
DECAY 24 2.002822E+00
DECAY 2000013 2.161216E-01
DECAY 2000011 2.161216E-01
DECAY 1000021 5.506754E+00
DECAY 22 0.000000
DECAY 23 2.411433E+00
DECAY 1000006 2.021596E+00
DECAY 1000004 5.477195E+00
DECAY 1000005 3.736276E+00
DECAY 1000002 5.477195E+00
DECAY 1000003 5.312788E+00
DECAY 1000001 5.312788E+00
DECAY 1 0.000000
DECAY 3 0.000000
DECAY 2 0.000000
DECAY 5 0.000000
DECAY 4 0.000000
DECAY 6 1.561950E+00
DECAY 1000013 2.136822E-01
DECAY 2000005 8.015663E-01
DECAY 25 1.986108E-03
DECAY 1000016 1.475190E-01
DECAY 13 0.000000
DECAY 1000023 2.077700E-02
DECAY 1000012 1.498816E-01
DECAY 2000001 2.858123E-01
DECAY 1000014 1.498816E-01
DECAY 1000037 2.486895E+00
DECAY 2000004 1.152973E+00
DECAY 1000035 2.585851E+00
DECAY 2000006 7.373133E+00
DECAY 15 0.000000
DECAY 14 0.000000
DECAY 2000003 2.858123E-01
DECAY 2000002 1.152973E+00
DECAY 1000022 0.000000
DECAY 2000015 2.699061E-01
DECAY 37 5.469628E-01
DECAY 36 6.321785E-01
DECAY 35 5.748014E-01
DECAY 16 0.000000
DECAY 21 0.000000
DECAY 11 0.000000
DECAY 12 0.000000
DECAY 1000024 1.704145E-02