BLOCK QNUMBERS 36
 1 1
 3 0
 2 1
 4 1
BLOCK QNUMBERS 1000037
 1 3
 3 1
 2 2
 4 1
BLOCK MSL2
 3 3 3.782868E+04
 1 1 3.815567E+04
 2 2 3.815567E+04
BLOCK DSQMIX
 1000024 1.79074758E+02
 1000025 -3.56606758E+02
 1000035 3.74465118E+02
 4 4 1.000000E+00
 1 1 1.000000E+00
 1000037 3.75454796E+02
 2 2 1.000000E+00
 6 3 -3.446319E-01
 5 5 1.000000E+00
 3 3 9.387379E-01
 6 6 9.387379E-01
 3 6 3.446319E-01
BLOCK SELMIX
 4 4 1.000000E+00
 1 1 1.000000E+00
 2 2 1.000000E+00
 6 3 9.592711E-01
 5 5 1.000000E+00
 3 3 2.824872E-01
 6 6 -2.824872E-01
 3 6 9.592711E-01
BLOCK YE
 3 3 1.008908E-01
BLOCK YD
 3 3 1.388402E-01
BLOCK MASS
 2000013 2
 1000022 1
BLOCK QNUMBERS 2000005
 1 -1
 3 3
 2 1
 4 1
DECAY 24 2.08500000E+00
DECAY 25 2.89288059E-03
 2.60033015E-04 2 3 -3
 8.33833112E-02 2 21 21
 2.32868823E-03 2 22 22
 9.51853046E-02 2 15 -15
 3.37402007E-04 2 13 -13
 7.22935037E-01 2 5 -5
 4.16428351E-02 2 4 -4
DECAY 23 2.49520000E+00
DECAY 1000023 6.85245407E-02
DECAY 36 1.20252488E+00
 1.20841333E-01 2 6 -6
 6.52124157E-02 2 1000023 1000023
 1.72577087E-01 2 1000024 -1000024
 6.23298636E-02 2 15 -15
 2.09080093E-02 2 1000022 1000022
 1.32386358E-03 2 25 23
 1.88320036E-03 2 1000015 -2000015
 2.20583254E-04 2 13 -13
 1.66023319E-04 2 3 -3
 1.88320036E-03 2 -1000015 2000015
 4.65546693E-01 2 5 -5
 8.70024075E-02 2 1000022 1000023
DECAY 6 2.43000000E+00
 1.00000000E+00 2 5 24